x[1]=-8.02460000
x[2]=9.13570000
x[3]=-0.24680000
x[4]=1.35790000
x[5]=-2.46800000
x[6]=3.57910000
x[7]=-4.68020000
x[8]=5.79130000
x[9]=-6.80240000
x[10]=7.91350000
